0.585221
5.59809
0.852862
-5.25206
-2.11211
-3.85438
2.03926
3.00102
5.24404
-2.17374
3.05062
0.712547
-1.69368
7.92671
0.383547
-0.658674
-1.16488
3.25738
4.57668
0.647393
-2.55313
-1.57664
4.51729
2.65933
-0.670484
3.66143
0.0242556
5.1891
-0.0650268
0.648264
-2.24717
-4.60899
2.47019
-2.53234
-0.0130317
-2.18954
-5.03058
0.814035
0.453451
2.71757
-2.80604
4.82026
-1.91607
-1.25842
4.29077
7.99976
1.4285
5.96814
-1.44189
-1.17736
-0.900341
0.623594
1.10227
-0.052727
0.156929
-2.44822
-5.80649
-1.60192
-1.10116
3.56045
2.13766
0.878944
-1.51746
-3.0174
-3.17099
-0.146914
5.66232
1.98657
-3.72821
-3.3407
-4.54629
3.51644
-6.11612
-1.09558
1.68276
-0.763768
-2.50857
0.349038
-1.48733
3.24856
-0.382053
0.2636
-3.99037
5.61362
-2.06402
-1.80883
-4.029
4.14678
0.985374
3.01098
-0.519711
-0.906605
-3.52799
-1.37421
-3.40926
1.38926
4.04693
-3.19568
8.6577
3.04754
